9,9
2.6757e-05,0.00015398,0.00053744,0.0011378,0.0014609,0.0011378,0.00053744,0.00015398,2.6757e-05
0.00015398,0.00088608,0.0030927,0.0065473,0.0084069,0.0065473,0.0030927,0.00088608,0.00015398
0.00053744,0.0030927,0.010795,0.022852,0.029343,0.022852,0.010795,0.0030927,0.00053744
0.0011378,0.0065473,0.022852,0.048378,0.062119,0.048378,0.022852,0.0065473,0.0011378
0.0014609,0.0084069,0.029343,0.062119,0.079763,0.062119,0.029343,0.0084069,0.0014609
0.0011378,0.0065473,0.022852,0.048378,0.062119,0.048378,0.022852,0.0065473,0.0011378
0.00053744,0.0030927,0.010795,0.022852,0.029343,0.022852,0.010795,0.0030927,0.00053744
0.00015398,0.00088608,0.0030927,0.0065473,0.0084069,0.0065473,0.0030927,0.00088608,0.00015398
2.6757e-05,0.00015398,0.00053744,0.0011378,0.0014609,0.0011378,0.00053744,0.00015398,2.6757e-05
13,13
4.9204e-06,1.9461e-05,5.9943e-05,0.00014379,0.00026864,0.00039088,0.00044292,0.00039088,0.00026864,0.00014379,5.9943e-05,1.9461e-05,4.9204e-06
1.9461e-05,7.6968e-05,0.00023708,0.00056872,0.0010625,0.0015459,0.0017518,0.0015459,0.0010625,0.00056872,0.00023708,7.6968e-05,1.9461e-05
5.9943e-05,0.00023708,0.00073025,0.0017518,0.0032728,0.0047618,0.0053959,0.0047618,0.0032728,0.0017518,0.00073025,0.00023708,5.9943e-05
0.00014379,0.00056872,0.0017518,0.0042023,0.0078509,0.011423,0.012944,0.011423,0.0078509,0.0042023,0.0017518,0.00056872,0.00014379
0.00026864,0.0010625,0.0032728,0.0078509,0.014667,0.021341,0.024183,0.021341,0.014667,0.0078509,0.0032728,0.0010625,0.00026864
0.00039088,0.0015459,0.0047618,0.011423,0.021341,0.031051,0.035185,0.031051,0.021341,0.011423,0.0047618,0.0015459,0.00039088
0.00044292,0.0017518,0.0053959,0.012944,0.024183,0.035185,0.03987,0.035185,0.024183,0.012944,0.0053959,0.0017518,0.00044292
0.00039088,0.0015459,0.0047618,0.011423,0.021341,0.031051,0.035185,0.031051,0.021341,0.011423,0.0047618,0.0015459,0.00039088
0.00026864,0.0010625,0.0032728,0.0078509,0.014667,0.021341,0.024183,0.021341,0.014667,0.0078509,0.0032728,0.0010625,0.00026864
0.00014379,0.00056872,0.0017518,0.0042023,0.0078509,0.011423,0.012944,0.011423,0.0078509,0.0042023,0.0017518,0.00056872,0.00014379
5.9943e-05,0.00023708,0.00073025,0.0017518,0.0032728,0.0047618,0.0053959,0.0047618,0.0032728,0.0017518,0.00073025,0.00023708,5.9943e-05
1.9461e-05,7.6968e-05,0.00023708,0.00056872,0.0010625,0.0015459,0.0017518,0.0015459,0.0010625,0.00056872,0.00023708,7.6968e-05,1.9461e-05
4.9204e-06,1.9461e-05,5.9943e-05,0.00014379,0.00026864,0.00039088,0.00044292,0.00039088,0.00026864,0.00014379,5.9943e-05,1.9461e-05,4.9204e-06
17,17
6.7076e-06,1.7128e-05,3.8599e-05,7.6764e-05,0.00013473,0.00020867,0.00028521,0.00034403,0.00036622,0.00034403,0.00028521,0.00020867,0.00013473,7.6764e-05,3.8599e-05,1.7128e-05,6.7076e-06
1.7128e-05,4.3739e-05,9.8567e-05,0.00019602,0.00034403,0.00053285,0.00072832,0.00087852,0.00093518,0.00087852,0.00072832,0.00053285,0.00034403,0.00019602,9.8567e-05,4.3739e-05,1.7128e-05
3.8599e-05,9.8567e-05,0.00022212,0.00044175,0.00077529,0.0012008,0.0016413,0.0019798,0.0021075,0.0019798,0.0016413,0.0012008,0.00077529,0.00044175,0.00022212,9.8567e-05,3.8599e-05
7.6764e-05,0.00019602,0.00044175,0.00087852,0.0015419,0.0023881,0.0032641,0.0039373,0.0041912,0.0039373,0.0032641,0.0023881,0.0015419,0.00087852,0.00044175,0.00019602,7.6764e-05
0.00013473,0.00034403,0.00077529,0.0015419,0.002706,0.0041912,0.0057287,0.0069101,0.0073558,0.0069101,0.0057287,0.0041912,0.002706,0.0015419,0.00077529,0.00034403,0.00013473
0.00020867,0.00053285,0.0012008,0.0023881,0.0041912,0.0064914,0.0088727,0.010703,0.011393,0.010703,0.0088727,0.0064914,0.0041912,0.0023881,0.0012008,0.00053285,0.00020867
0.00028521,0.00072832,0.0016413,0.0032641,0.0057287,0.0088727,0.012128,0.014629,0.015572,0.014629,0.012128,0.0088727,0.0057287,0.0032641,0.0016413,0.00072832,0.00028521
0.00034403,0.00087852,0.0019798,0.0039373,0.0069101,0.010703,0.014629,0.017646,0.018784,0.017646,0.014629,0.010703,0.0069101,0.0039373,0.0019798,0.00087852,0.00034403
0.00036622,0.00093518,0.0021075,0.0041912,0.0073558,0.011393,0.015572,0.018784,0.019995,0.018784,0.015572,0.011393,0.0073558,0.0041912,0.0021075,0.00093518,0.00036622
0.00034403,0.00087852,0.0019798,0.0039373,0.0069101,0.010703,0.014629,0.017646,0.018784,0.017646,0.014629,0.010703,0.0069101,0.0039373,0.0019798,0.00087852,0.00034403
0.00028521,0.00072832,0.0016413,0.0032641,0.0057287,0.0088727,0.012128,0.014629,0.015572,0.014629,0.012128,0.0088727,0.0057287,0.0032641,0.0016413,0.00072832,0.00028521
0.00020867,0.00053285,0.0012008,0.0023881,0.0041912,0.0064914,0.0088727,0.010703,0.011393,0.010703,0.0088727,0.0064914,0.0041912,0.0023881,0.0012008,0.00053285,0.00020867
0.00013473,0.00034403,0.00077529,0.0015419,0.002706,0.0041912,0.0057287,0.0069101,0.0073558,0.0069101,0.0057287,0.0041912,0.002706,0.0015419,0.00077529,0.00034403,0.00013473
7.6764e-05,0.00019602,0.00044175,0.00087852,0.0015419,0.0023881,0.0032641,0.0039373,0.0041912,0.0039373,0.0032641,0.0023881,0.0015419,0.00087852,0.00044175,0.00019602,7.6764e-05
3.8599e-05,9.8567e-05,0.00022212,0.00044175,0.00077529,0.0012008,0.0016413,0.0019798,0.0021075,0.0019798,0.0016413,0.0012008,0.00077529,0.00044175,0.00022212,9.8567e-05,3.8599e-05
1.7128e-05,4.3739e-05,9.8567e-05,0.00019602,0.00034403,0.00053285,0.00072832,0.00087852,0.00093518,0.00087852,0.00072832,0.00053285,0.00034403,0.00019602,9.8567e-05,4.3739e-05,1.7128e-05
6.7076e-06,1.7128e-05,3.8599e-05,7.6764e-05,0.00013473,0.00020867,0.00028521,0.00034403,0.00036622,0.00034403,0.00028521,0.00020867,0.00013473,7.6764e-05,3.8599e-05,1.7128e-05,6.7076e-06
25,25
1.2318e-06,2.5276e-06,4.872e-06,8.8221e-06,1.5007e-05,2.3981e-05,3.6e-05,5.0768e-05,6.7256e-05,8.3701e-05,9.7857e-05,0.00010747,0.00011089,0.00010747,9.7857e-05,8.3701e-05,6.7256e-05,5.0768e-05,3.6e-05,2.3981e-05,1.5007e-05,8.8221e-06,4.872e-06,2.5276e-06,1.2318e-06
2.5276e-06,5.1862e-06,9.9967e-06,1.8102e-05,3.0792e-05,4.9206e-05,7.3866e-05,0.00010417,0.000138,0.00017174,0.00020079,0.00022052,0.00022752,0.00022052,0.00020079,0.00017174,0.000138,0.00010417,7.3866e-05,4.9206e-05,3.0792e-05,1.8102e-05,9.9967e-06,5.1862e-06,2.5276e-06
4.872e-06,9.9967e-06,1.9269e-05,3.4892e-05,5.9353e-05,9.4846e-05,0.00014238,0.00020079,0.000266,0.00033105,0.00038703,0.00042507,0.00043856,0.00042507,0.00038703,0.00033105,0.000266,0.00020079,0.00014238,9.4846e-05,5.9353e-05,3.4892e-05,1.9269e-05,9.9967e-06,4.872e-06
8.8221e-06,1.8102e-05,3.4892e-05,6.3181e-05,0.00010747,0.00017174,0.00025782,0.00036358,0.00048167,0.00059945,0.00070082,0.0007697,0.00079414,0.0007697,0.00070082,0.00059945,0.00048167,0.00036358,0.00025782,0.00017174,0.00010747,6.3181e-05,3.4892e-05,1.8102e-05,8.8221e-06
1.5007e-05,3.0792e-05,5.9353e-05,0.00010747,0.00018282,0.00029215,0.00043856,0.00061847,0.00081935,0.0010197,0.0011921,0.0013093,0.0013509,0.0013093,0.0011921,0.0010197,0.00081935,0.00061847,0.00043856,0.00029215,0.00018282,0.00010747,5.9353e-05,3.0792e-05,1.5007e-05
2.3981e-05,4.9206e-05,9.4846e-05,0.00017174,0.00029215,0.00046685,0.00070082,0.00098832,0.0013093,0.0016295,0.001905,0.0020923,0.0021587,0.0020923,0.001905,0.0016295,0.0013093,0.00098832,0.00070082,0.00046685,0.00029215,0.00017174,9.4846e-05,4.9206e-05,2.3981e-05
3.6e-05,7.3866e-05,0.00014238,0.00025782,0.00043856,0.00070082,0.0010521,0.0014836,0.0019655,0.0024461,0.0028598,0.0031409,0.0032406,0.0031409,0.0028598,0.0024461,0.0019655,0.0014836,0.0010521,0.00070082,0.00043856,0.00025782,0.00014238,7.3866e-05,3.6e-05
5.0768e-05,0.00010417,0.00020079,0.00036358,0.00061847,0.00098832,0.0014836,0.0020923,0.0027718,0.0034496,0.004033,0.0044293,0.0045699,0.0044293,0.004033,0.0034496,0.0027718,0.0020923,0.0014836,0.00098832,0.00061847,0.00036358,0.00020079,0.00010417,5.0768e-05
6.7256e-05,0.000138,0.000266,0.00048167,0.00081935,0.0013093,0.0019655,0.0027718,0.0036721,0.0045699,0.0053428,0.0058679,0.0060542,0.0058679,0.0053428,0.0045699,0.0036721,0.0027718,0.0019655,0.0013093,0.00081935,0.00048167,0.000266,0.000138,6.7256e-05
8.3701e-05,0.00017174,0.00033105,0.00059945,0.0010197,0.0016295,0.0024461,0.0034496,0.0045699,0.0056874,0.0066492,0.0073028,0.0075346,0.0073028,0.0066492,0.0056874,0.0045699,0.0034496,0.0024461,0.0016295,0.0010197,0.00059945,0.00033105,0.00017174,8.3701e-05
9.7857e-05,0.00020079,0.00038703,0.00070082,0.0011921,0.001905,0.0028598,0.004033,0.0053428,0.0066492,0.0077737,0.0085378,0.0088088,0.0085378,0.0077737,0.0066492,0.0053428,0.004033,0.0028598,0.001905,0.0011921,0.00070082,0.00038703,0.00020079,9.7857e-05
0.00010747,0.00022052,0.00042507,0.0007697,0.0013093,0.0020923,0.0031409,0.0044293,0.0058679,0.0073028,0.0085378,0.0093769,0.0096746,0.0093769,0.0085378,0.0073028,0.0058679,0.0044293,0.0031409,0.0020923,0.0013093,0.0007697,0.00042507,0.00022052,0.00010747
0.00011089,0.00022752,0.00043856,0.00079414,0.0013509,0.0021587,0.0032406,0.0045699,0.0060542,0.0075346,0.0088088,0.0096746,0.0099817,0.0096746,0.0088088,0.0075346,0.0060542,0.0045699,0.0032406,0.0021587,0.0013509,0.00079414,0.00043856,0.00022752,0.00011089
0.00010747,0.00022052,0.00042507,0.0007697,0.0013093,0.0020923,0.0031409,0.0044293,0.0058679,0.0073028,0.0085378,0.0093769,0.0096746,0.0093769,0.0085378,0.0073028,0.0058679,0.0044293,0.0031409,0.0020923,0.0013093,0.0007697,0.00042507,0.00022052,0.00010747
9.7857e-05,0.00020079,0.00038703,0.00070082,0.0011921,0.001905,0.0028598,0.004033,0.0053428,0.0066492,0.0077737,0.0085378,0.0088088,0.0085378,0.0077737,0.0066492,0.0053428,0.004033,0.0028598,0.001905,0.0011921,0.00070082,0.00038703,0.00020079,9.7857e-05
8.3701e-05,0.00017174,0.00033105,0.00059945,0.0010197,0.0016295,0.0024461,0.0034496,0.0045699,0.0056874,0.0066492,0.0073028,0.0075346,0.0073028,0.0066492,0.0056874,0.0045699,0.0034496,0.0024461,0.0016295,0.0010197,0.00059945,0.00033105,0.00017174,8.3701e-05
6.7256e-05,0.000138,0.000266,0.00048167,0.00081935,0.0013093,0.0019655,0.0027718,0.0036721,0.0045699,0.0053428,0.0058679,0.0060542,0.0058679,0.0053428,0.0045699,0.0036721,0.0027718,0.0019655,0.0013093,0.00081935,0.00048167,0.000266,0.000138,6.7256e-05
5.0768e-05,0.00010417,0.00020079,0.00036358,0.00061847,0.00098832,0.0014836,0.0020923,0.0027718,0.0034496,0.004033,0.0044293,0.0045699,0.0044293,0.004033,0.0034496,0.0027718,0.0020923,0.0014836,0.00098832,0.00061847,0.00036358,0.00020079,0.00010417,5.0768e-05
3.6e-05,7.3866e-05,0.00014238,0.00025782,0.00043856,0.00070082,0.0010521,0.0014836,0.0019655,0.0024461,0.0028598,0.0031409,0.0032406,0.0031409,0.0028598,0.0024461,0.0019655,0.0014836,0.0010521,0.00070082,0.00043856,0.00025782,0.00014238,7.3866e-05,3.6e-05
2.3981e-05,4.9206e-05,9.4846e-05,0.00017174,0.00029215,0.00046685,0.00070082,0.00098832,0.0013093,0.0016295,0.001905,0.0020923,0.0021587,0.0020923,0.001905,0.0016295,0.0013093,0.00098832,0.00070082,0.00046685,0.00029215,0.00017174,9.4846e-05,4.9206e-05,2.3981e-05
1.5007e-05,3.0792e-05,5.9353e-05,0.00010747,0.00018282,0.00029215,0.00043856,0.00061847,0.00081935,0.0010197,0.0011921,0.0013093,0.0013509,0.0013093,0.0011921,0.0010197,0.00081935,0.00061847,0.00043856,0.00029215,0.00018282,0.00010747,5.9353e-05,3.0792e-05,1.5007e-05
8.8221e-06,1.8102e-05,3.4892e-05,6.3181e-05,0.00010747,0.00017174,0.00025782,0.00036358,0.00048167,0.00059945,0.00070082,0.0007697,0.00079414,0.0007697,0.00070082,0.00059945,0.00048167,0.00036358,0.00025782,0.00017174,0.00010747,6.3181e-05,3.4892e-05,1.8102e-05,8.8221e-06
4.872e-06,9.9967e-06,1.9269e-05,3.4892e-05,5.9353e-05,9.4846e-05,0.00014238,0.00020079,0.000266,0.00033105,0.00038703,0.00042507,0.00043856,0.00042507,0.00038703,0.00033105,0.000266,0.00020079,0.00014238,9.4846e-05,5.9353e-05,3.4892e-05,1.9269e-05,9.9967e-06,4.872e-06
2.5276e-06,5.1862e-06,9.9967e-06,1.8102e-05,3.0792e-05,4.9206e-05,7.3866e-05,0.00010417,0.000138,0.00017174,0.00020079,0.00022052,0.00022752,0.00022052,0.00020079,0.00017174,0.000138,0.00010417,7.3866e-05,4.9206e-05,3.0792e-05,1.8102e-05,9.9967e-06,5.1862e-06,2.5276e-06
1.2318e-06,2.5276e-06,4.872e-06,8.8221e-06,1.5007e-05,2.3981e-05,3.6e-05,5.0768e-05,6.7256e-05,8.3701e-05,9.7857e-05,0.00010747,0.00011089,0.00010747,9.7857e-05,8.3701e-05,6.7256e-05,5.0768e-05,3.6e-05,2.3981e-05,1.5007e-05,8.8221e-06,4.872e-06,2.5276e-06,1.2318e-06
34,34
1.0094e-06,1.6642e-06,2.6594e-06,4.1189e-06,6.1832e-06,8.9965e-06,1.2687e-05,1.7341e-05,2.2973e-05,2.9498e-05,3.6711e-05,4.4282e-05,5.1771e-05,5.8664e-05,6.443e-05,6.8586e-05,7.0763e-05,7.0763e-05,6.8586e-05,6.443e-05,5.8664e-05,5.1771e-05,4.4282e-05,3.6711e-05,2.9498e-05,2.2973e-05,1.7341e-05,1.2687e-05,8.9965e-06,6.1832e-06,4.1189e-06,2.6594e-06,1.6642e-06,1.0094e-06
1.6642e-06,2.7438e-06,4.3845e-06,6.7909e-06,1.0194e-05,1.4833e-05,2.0917e-05,2.8591e-05,3.7877e-05,4.8634e-05,6.0527e-05,7.3009e-05,8.5356e-05,9.6721e-05,0.00010623,0.00011308,0.00011667,0.00011667,0.00011308,0.00010623,9.6721e-05,8.5356e-05,7.3009e-05,6.0527e-05,4.8634e-05,3.7877e-05,2.8591e-05,2.0917e-05,1.4833e-05,1.0194e-05,6.7909e-06,4.3845e-06,2.7438e-06,1.6642e-06
2.6594e-06,4.3845e-06,7.0065e-06,1.0852e-05,1.629e-05,2.3703e-05,3.3426e-05,4.5688e-05,6.0527e-05,7.7718e-05,9.6721e-05,0.00011667,0.0001364,0.00015456,0.00016975,0.0001807,0.00018643,0.00018643,0.0001807,0.00016975,0.00015456,0.0001364,0.00011667,9.6721e-05,7.7718e-05,6.0527e-05,4.5688e-05,3.3426e-05,2.3703e-05,1.629e-05,1.0852e-05,7.0065e-06,4.3845e-06,2.6594e-06
4.1189e-06,6.7909e-06,1.0852e-05,1.6808e-05,2.5231e-05,3.6711e-05,5.1771e-05,7.0763e-05,9.3745e-05,0.00012037,0.0001498,0.0001807,0.00021126,0.00023939,0.00026292,0.00027987,0.00028876,0.00028876,0.00027987,0.00026292,0.00023939,0.00021126,0.0001807,0.0001498,0.00012037,9.3745e-05,7.0763e-05,5.1771e-05,3.6711e-05,2.5231e-05,1.6808e-05,1.0852e-05,6.7909e-06,4.1189e-06
6.1832e-06,1.0194e-05,1.629e-05,2.5231e-05,3.7877e-05,5.511e-05,7.7718e-05,0.00010623,0.00014073,0.0001807,0.00022488,0.00027126,0.00031714,0.00035936,0.00039468,0.00042014,0.00043347,0.00043347,0.00042014,0.00039468,0.00035936,0.00031714,0.00027126,0.00022488,0.0001807,0.00014073,0.00010623,7.7718e-05,5.511e-05,3.7877e-05,2.5231e-05,1.629e-05,1.0194e-05,6.1832e-06
8.9965e-06,1.4833e-05,2.3703e-05,3.6711e-05,5.511e-05,8.0185e-05,0.00011308,0.00015456,0.00020476,0.00026292,0.0003272,0.00039468,0.00046143,0.00052287,0.00057426,0.0006113,0.0006307,0.0006307,0.0006113,0.00057426,0.00052287,0.00046143,0.00039468,0.0003272,0.00026292,0.00020476,0.00015456,0.00011308,8.0185e-05,5.511e-05,3.6711e-05,2.3703e-05,1.4833e-05,8.9965e-06
1.2687e-05,2.0917e-05,3.3426e-05,5.1771e-05,7.7718e-05,0.00011308,0.00015947,0.00021796,0.00028876,0.00037077,0.00046143,0.00055659,0.00065072,0.00073736,0.00080984,0.00086207,0.00088943,0.00088943,0.00086207,0.00080984,0.00073736,0.00065072,0.00055659,0.00046143,0.00037077,0.00028876,0.00021796,0.00015947,0.00011308,7.7718e-05,5.1771e-05,3.3426e-05,2.0917e-05,1.2687e-05
1.7341e-05,2.8591e-05,4.5688e-05,7.0763e-05,0.00010623,0.00015456,0.00021796,0.00029792,0.00039468,0.00050678,0.0006307,0.00076077,0.00088943,0.0010079,0.0011069,0.0011783,0.0012157,0.0012157,0.0011783,0.0011069,0.0010079,0.00088943,0.00076077,0.0006307,0.00050678,0.00039468,0.00029792,0.00021796,0.00015456,0.00010623,7.0763e-05,4.5688e-05,2.8591e-05,1.7341e-05
2.2973e-05,3.7877e-05,6.0527e-05,9.3745e-05,0.00014073,0.00020476,0.00028876,0.00039468,0.00052287,0.00067138,0.00083554,0.0010079,0.0011783,0.0013352,0.0014664,0.001561,0.0016106,0.0016106,0.001561,0.0014664,0.0013352,0.0011783,0.0010079,0.00083554,0.00067138,0.00052287,0.00039468,0.00028876,0.00020476,0.00014073,9.3745e-05,6.0527e-05,3.7877e-05,2.2973e-05
2.9498e-05,4.8634e-05,7.7718e-05,0.00012037,0.0001807,0.00026292,0.00037077,0.00050678,0.00067138,0.00086207,0.0010729,0.0012941,0.001513,0.0017144,0.0018829,0.0020044,0.002068,0.002068,0.0020044,0.0018829,0.0017144,0.001513,0.0012941,0.0010729,0.00086207,0.00067138,0.00050678,0.00037077,0.00026292,0.0001807,0.00012037,7.7718e-05,4.8634e-05,2.9498e-05
3.6711e-05,6.0527e-05,9.6721e-05,0.0001498,0.00022488,0.0003272,0.00046143,0.0006307,0.00083554,0.0010729,0.0013352,0.0016106,0.0018829,0.0021336,0.0023433,0.0024945,0.0025737,0.0025737,0.0024945,0.0023433,0.0021336,0.0018829,0.0016106,0.0013352,0.0010729,0.00083554,0.0006307,0.00046143,0.0003272,0.00022488,0.0001498,9.6721e-05,6.0527e-05,3.6711e-05
4.4282e-05,7.3009e-05,0.00011667,0.0001807,0.00027126,0.00039468,0.00055659,0.00076077,0.0010079,0.0012941,0.0016106,0.0019427,0.0022712,0.0025737,0.0028266,0.0030089,0.0031044,0.0031044,0.0030089,0.0028266,0.0025737,0.0022712,0.0019427,0.0016106,0.0012941,0.0010079,0.00076077,0.00055659,0.00039468,0.00027126,0.0001807,0.00011667,7.3009e-05,4.4282e-05
5.1771e-05,8.5356e-05,0.0001364,0.00021126,0.00031714,0.00046143,0.00065072,0.00088943,0.0011783,0.001513,0.0018829,0.0022712,0.0026554,0.0030089,0.0033046,0.0035178,0.0036294,0.0036294,0.0035178,0.0033046,0.0030089,0.0026554,0.0022712,0.0018829,0.001513,0.0011783,0.00088943,0.00065072,0.00046143,0.00031714,0.00021126,0.0001364,8.5356e-05,5.1771e-05
5.8664e-05,9.6721e-05,0.00015456,0.00023939,0.00035936,0.00052287,0.00073736,0.0010079,0.0013352,0.0017144,0.0021336,0.0025737,0.0030089,0.0034095,0.0037446,0.0039862,0.0041127,0.0041127,0.0039862,0.0037446,0.0034095,0.0030089,0.0025737,0.0021336,0.0017144,0.0013352,0.0010079,0.00073736,0.00052287,0.00035936,0.00023939,0.00015456,9.6721e-05,5.8664e-05
6.443e-05,0.00010623,0.00016975,0.00026292,0.00039468,0.00057426,0.00080984,0.0011069,0.0014664,0.0018829,0.0023433,0.0028266,0.0033046,0.0037446,0.0041127,0.0043779,0.0045169,0.0045169,0.0043779,0.0041127,0.0037446,0.0033046,0.0028266,0.0023433,0.0018829,0.0014664,0.0011069,0.00080984,0.00057426,0.00039468,0.00026292,0.00016975,0.00010623,6.443e-05
6.8586e-05,0.00011308,0.0001807,0.00027987,0.00042014,0.0006113,0.00086207,0.0011783,0.001561,0.0020044,0.0024945,0.0030089,0.0035178,0.0039862,0.0043779,0.0046603,0.0048082,0.0048082,0.0046603,0.0043779,0.0039862,0.0035178,0.0030089,0.0024945,0.0020044,0.001561,0.0011783,0.00086207,0.0006113,0.00042014,0.00027987,0.0001807,0.00011308,6.8586e-05
7.0763e-05,0.00011667,0.00018643,0.00028876,0.00043347,0.0006307,0.00088943,0.0012157,0.0016106,0.002068,0.0025737,0.0031044,0.0036294,0.0041127,0.0045169,0.0048082,0.0049608,0.0049608,0.0048082,0.0045169,0.0041127,0.0036294,0.0031044,0.0025737,0.002068,0.0016106,0.0012157,0.00088943,0.0006307,0.00043347,0.00028876,0.00018643,0.00011667,7.0763e-05
7.0763e-05,0.00011667,0.00018643,0.00028876,0.00043347,0.0006307,0.00088943,0.0012157,0.0016106,0.002068,0.0025737,0.0031044,0.0036294,0.0041127,0.0045169,0.0048082,0.0049608,0.0049608,0.0048082,0.0045169,0.0041127,0.0036294,0.0031044,0.0025737,0.002068,0.0016106,0.0012157,0.00088943,0.0006307,0.00043347,0.00028876,0.00018643,0.00011667,7.0763e-05
6.8586e-05,0.00011308,0.0001807,0.00027987,0.00042014,0.0006113,0.00086207,0.0011783,0.001561,0.0020044,0.0024945,0.0030089,0.0035178,0.0039862,0.0043779,0.0046603,0.0048082,0.0048082,0.0046603,0.0043779,0.0039862,0.0035178,0.0030089,0.0024945,0.0020044,0.001561,0.0011783,0.00086207,0.0006113,0.00042014,0.00027987,0.0001807,0.00011308,6.8586e-05
6.443e-05,0.00010623,0.00016975,0.00026292,0.00039468,0.00057426,0.00080984,0.0011069,0.0014664,0.0018829,0.0023433,0.0028266,0.0033046,0.0037446,0.0041127,0.0043779,0.0045169,0.0045169,0.0043779,0.0041127,0.0037446,0.0033046,0.0028266,0.0023433,0.0018829,0.0014664,0.0011069,0.00080984,0.00057426,0.00039468,0.00026292,0.00016975,0.00010623,6.443e-05
5.8664e-05,9.6721e-05,0.00015456,0.00023939,0.00035936,0.00052287,0.00073736,0.0010079,0.0013352,0.0017144,0.0021336,0.0025737,0.0030089,0.0034095,0.0037446,0.0039862,0.0041127,0.0041127,0.0039862,0.0037446,0.0034095,0.0030089,0.0025737,0.0021336,0.0017144,0.0013352,0.0010079,0.00073736,0.00052287,0.00035936,0.00023939,0.00015456,9.6721e-05,5.8664e-05
5.1771e-05,8.5356e-05,0.0001364,0.00021126,0.00031714,0.00046143,0.00065072,0.00088943,0.0011783,0.001513,0.0018829,0.0022712,0.0026554,0.0030089,0.0033046,0.0035178,0.0036294,0.0036294,0.0035178,0.0033046,0.0030089,0.0026554,0.0022712,0.0018829,0.001513,0.0011783,0.00088943,0.00065072,0.00046143,0.00031714,0.00021126,0.0001364,8.5356e-05,5.1771e-05
4.4282e-05,7.3009e-05,0.00011667,0.0001807,0.00027126,0.00039468,0.00055659,0.00076077,0.0010079,0.0012941,0.0016106,0.0019427,0.0022712,0.0025737,0.0028266,0.0030089,0.0031044,0.0031044,0.0030089,0.0028266,0.0025737,0.0022712,0.0019427,0.0016106,0.0012941,0.0010079,0.00076077,0.00055659,0.00039468,0.00027126,0.0001807,0.00011667,7.3009e-05,4.4282e-05
3.6711e-05,6.0527e-05,9.6721e-05,0.0001498,0.00022488,0.0003272,0.00046143,0.0006307,0.00083554,0.0010729,0.0013352,0.0016106,0.0018829,0.0021336,0.0023433,0.0024945,0.0025737,0.0025737,0.0024945,0.0023433,0.0021336,0.0018829,0.0016106,0.0013352,0.0010729,0.00083554,0.0006307,0.00046143,0.0003272,0.00022488,0.0001498,9.6721e-05,6.0527e-05,3.6711e-05
2.9498e-05,4.8634e-05,7.7718e-05,0.00012037,0.0001807,0.00026292,0.00037077,0.00050678,0.00067138,0.00086207,0.0010729,0.0012941,0.001513,0.0017144,0.0018829,0.0020044,0.002068,0.002068,0.0020044,0.0018829,0.0017144,0.001513,0.0012941,0.0010729,0.00086207,0.00067138,0.00050678,0.00037077,0.00026292,0.0001807,0.00012037,7.7718e-05,4.8634e-05,2.9498e-05
2.2973e-05,3.7877e-05,6.0527e-05,9.3745e-05,0.00014073,0.00020476,0.00028876,0.00039468,0.00052287,0.00067138,0.00083554,0.0010079,0.0011783,0.0013352,0.0014664,0.001561,0.0016106,0.0016106,0.001561,0.0014664,0.0013352,0.0011783,0.0010079,0.00083554,0.00067138,0.00052287,0.00039468,0.00028876,0.00020476,0.00014073,9.3745e-05,6.0527e-05,3.7877e-05,2.2973e-05
1.7341e-05,2.8591e-05,4.5688e-05,7.0763e-05,0.00010623,0.00015456,0.00021796,0.00029792,0.00039468,0.00050678,0.0006307,0.00076077,0.00088943,0.0010079,0.0011069,0.0011783,0.0012157,0.0012157,0.0011783,0.0011069,0.0010079,0.00088943,0.00076077,0.0006307,0.00050678,0.00039468,0.00029792,0.00021796,0.00015456,0.00010623,7.0763e-05,4.5688e-05,2.8591e-05,1.7341e-05
1.2687e-05,2.0917e-05,3.3426e-05,5.1771e-05,7.7718e-05,0.00011308,0.00015947,0.00021796,0.00028876,0.00037077,0.00046143,0.00055659,0.00065072,0.00073736,0.00080984,0.00086207,0.00088943,0.00088943,0.00086207,0.00080984,0.00073736,0.00065072,0.00055659,0.00046143,0.00037077,0.00028876,0.00021796,0.00015947,0.00011308,7.7718e-05,5.1771e-05,3.3426e-05,2.0917e-05,1.2687e-05
8.9965e-06,1.4833e-05,2.3703e-05,3.6711e-05,5.511e-05,8.0185e-05,0.00011308,0.00015456,0.00020476,0.00026292,0.0003272,0.00039468,0.00046143,0.00052287,0.00057426,0.0006113,0.0006307,0.0006307,0.0006113,0.00057426,0.00052287,0.00046143,0.00039468,0.0003272,0.00026292,0.00020476,0.00015456,0.00011308,8.0185e-05,5.511e-05,3.6711e-05,2.3703e-05,1.4833e-05,8.9965e-06
6.1832e-06,1.0194e-05,1.629e-05,2.5231e-05,3.7877e-05,5.511e-05,7.7718e-05,0.00010623,0.00014073,0.0001807,0.00022488,0.00027126,0.00031714,0.00035936,0.00039468,0.00042014,0.00043347,0.00043347,0.00042014,0.00039468,0.00035936,0.00031714,0.00027126,0.00022488,0.0001807,0.00014073,0.00010623,7.7718e-05,5.511e-05,3.7877e-05,2.5231e-05,1.629e-05,1.0194e-05,6.1832e-06
4.1189e-06,6.7909e-06,1.0852e-05,1.6808e-05,2.5231e-05,3.6711e-05,5.1771e-05,7.0763e-05,9.3745e-05,0.00012037,0.0001498,0.0001807,0.00021126,0.00023939,0.00026292,0.00027987,0.00028876,0.00028876,0.00027987,0.00026292,0.00023939,0.00021126,0.0001807,0.0001498,0.00012037,9.3745e-05,7.0763e-05,5.1771e-05,3.6711e-05,2.5231e-05,1.6808e-05,1.0852e-05,6.7909e-06,4.1189e-06
2.6594e-06,4.3845e-06,7.0065e-06,1.0852e-05,1.629e-05,2.3703e-05,3.3426e-05,4.5688e-05,6.0527e-05,7.7718e-05,9.6721e-05,0.00011667,0.0001364,0.00015456,0.00016975,0.0001807,0.00018643,0.00018643,0.0001807,0.00016975,0.00015456,0.0001364,0.00011667,9.6721e-05,7.7718e-05,6.0527e-05,4.5688e-05,3.3426e-05,2.3703e-05,1.629e-05,1.0852e-05,7.0065e-06,4.3845e-06,2.6594e-06
1.6642e-06,2.7438e-06,4.3845e-06,6.7909e-06,1.0194e-05,1.4833e-05,2.0917e-05,2.8591e-05,3.7877e-05,4.8634e-05,6.0527e-05,7.3009e-05,8.5356e-05,9.6721e-05,0.00010623,0.00011308,0.00011667,0.00011667,0.00011308,0.00010623,9.6721e-05,8.5356e-05,7.3009e-05,6.0527e-05,4.8634e-05,3.7877e-05,2.8591e-05,2.0917e-05,1.4833e-05,1.0194e-05,6.7909e-06,4.3845e-06,2.7438e-06,1.6642e-06
1.0094e-06,1.6642e-06,2.6594e-06,4.1189e-06,6.1832e-06,8.9965e-06,1.2687e-05,1.7341e-05,2.2973e-05,2.9498e-05,3.6711e-05,4.4282e-05,5.1771e-05,5.8664e-05,6.443e-05,6.8586e-05,7.0763e-05,7.0763e-05,6.8586e-05,6.443e-05,5.8664e-05,5.1771e-05,4.4282e-05,3.6711e-05,2.9498e-05,2.2973e-05,1.7341e-05,1.2687e-05,8.9965e-06,6.1832e-06,4.1189e-06,2.6594e-06,1.6642e-06,1.0094e-06
49,49
3.0824e-07,4.4499e-07,6.3246e-07,8.8497e-07,1.2191e-06,1.6533e-06,2.2075e-06,2.9017e-06,3.7551e-06,4.7841e-06,6.0006e-06,7.4098e-06,9.008e-06,1.0781e-05,1.2703e-05,1.4736e-05,1.6829e-05,1.8922e-05,2.0944e-05,2.2824e-05,2.4486e-05,2.5863e-05,2.6893e-05,2.7531e-05,2.7747e-05,2.7531e-05,2.6893e-05,2.5863e-05,2.4486e-05,2.2824e-05,2.0944e-05,1.8922e-05,1.6829e-05,1.4736e-05,1.2703e-05,1.0781e-05,9.008e-06,7.4098e-06,6.0006e-06,4.7841e-06,3.7551e-06,2.9017e-06,2.2075e-06,1.6533e-06,1.2191e-06,8.8497e-07,6.3246e-07,4.4499e-07,3.0824e-07
4.4499e-07,6.4242e-07,9.1307e-07,1.2776e-06,1.76e-06,2.3869e-06,3.1869e-06,4.1891e-06,5.4211e-06,6.9067e-06,8.6629e-06,1.0697e-05,1.3005e-05,1.5564e-05,1.8339e-05,2.1274e-05,2.4296e-05,2.7317e-05,3.0237e-05,3.295e-05,3.535e-05,3.7337e-05,3.8825e-05,3.9745e-05,4.0057e-05,3.9745e-05,3.8825e-05,3.7337e-05,3.535e-05,3.295e-05,3.0237e-05,2.7317e-05,2.4296e-05,2.1274e-05,1.8339e-05,1.5564e-05,1.3005e-05,1.0697e-05,8.6629e-06,6.9067e-06,5.4211e-06,4.1891e-06,3.1869e-06,2.3869e-06,1.76e-06,1.2776e-06,9.1307e-07,6.4242e-07,4.4499e-07
6.3246e-07,9.1307e-07,1.2977e-06,1.8158e-06,2.5014e-06,3.3925e-06,4.5295e-06,5.9539e-06,7.705e-06,9.8164e-06,1.2313e-05,1.5204e-05,1.8483e-05,2.2122e-05,2.6066e-05,3.0237e-05,3.4531e-05,3.8825e-05,4.2975e-05,4.6831e-05,5.0243e-05,5.3067e-05,5.5181e-05,5.6489e-05,5.6932e-05,5.6489e-05,5.5181e-05,5.3067e-05,5.0243e-05,4.6831e-05,4.2975e-05,3.8825e-05,3.4531e-05,3.0237e-05,2.6066e-05,2.2122e-05,1.8483e-05,1.5204e-05,1.2313e-05,9.8164e-06,7.705e-06,5.9539e-06,4.5295e-06,3.3925e-06,2.5014e-06,1.8158e-06,1.2977e-06,9.1307e-07,6.3246e-07
8.8497e-07,1.2776e-06,1.8158e-06,2.5408e-06,3.5001e-06,4.7469e-06,6.3379e-06,8.3311e-06,1.0781e-05,1.3736e-05,1.7228e-05,2.1274e-05,2.5863e-05,3.0954e-05,3.6472e-05,4.2309e-05,4.8318e-05,5.4325e-05,6.0133e-05,6.5529e-05,7.0302e-05,7.4254e-05,7.7212e-05,7.9043e-05,7.9663e-05,7.9043e-05,7.7212e-05,7.4254e-05,7.0302e-05,6.5529e-05,6.0133e-05,5.4325e-05,4.8318e-05,4.2309e-05,3.6472e-05,3.0954e-05,2.5863e-05,2.1274e-05,1.7228e-05,1.3736e-05,1.0781e-05,8.3311e-06,6.3379e-06,4.7469e-06,3.5001e-06,2.5408e-06,1.8158e-06,1.2776e-06,8.8497e-07
1.2191e-06,1.76e-06,2.5014e-06,3.5001e-06,4.8216e-06,6.5391e-06,8.7309e-06,1.1477e-05,1.4852e-05,1.8922e-05,2.3733e-05,2.9306e-05,3.5627e-05,4.264e-05,5.0243e-05,5.8283e-05,6.6561e-05,7.4836e-05,8.2836e-05,9.027e-05,9.6845e-05,0.00010229,0.00010636,0.00010889,0.00010974,0.00010889,0.00010636,0.00010229,9.6845e-05,9.027e-05,8.2836e-05,7.4836e-05,6.6561e-05,5.8283e-05,5.0243e-05,4.264e-05,3.5627e-05,2.9306e-05,2.3733e-05,1.8922e-05,1.4852e-05,1.1477e-05,8.7309e-06,6.5391e-06,4.8216e-06,3.5001e-06,2.5014e-06,1.76e-06,1.2191e-06
1.6533e-06,2.3869e-06,3.3925e-06,4.7469e-06,6.5391e-06,8.8684e-06,1.1841e-05,1.5564e-05,2.0142e-05,2.5661e-05,3.2187e-05,3.9745e-05,4.8318e-05,5.7829e-05,6.8139e-05,7.9043e-05,9.027e-05,0.00010149,0.00011234,0.00012242,0.00013134,0.00013872,0.00014425,0.00014767,0.00014883,0.00014767,0.00014425,0.00013872,0.00013134,0.00012242,0.00011234,0.00010149,9.027e-05,7.9043e-05,6.8139e-05,5.7829e-05,4.8318e-05,3.9745e-05,3.2187e-05,2.5661e-05,2.0142e-05,1.5564e-05,1.1841e-05,8.8684e-06,6.5391e-06,4.7469e-06,3.3925e-06,2.3869e-06,1.6533e-06
2.2075e-06,3.1869e-06,4.5295e-06,6.3379e-06,8.7309e-06,1.1841e-05,1.581e-05,2.0781e-05,2.6893e-05,3.4263e-05,4.2975e-05,5.3067e-05,6.4513e-05,7.7212e-05,9.0978e-05,0.00010554,0.00012053,0.00013551,0.00015,0.00016346,0.00017536,0.00018522,0.0001926,0.00019717,0.00019871,0.00019717,0.0001926,0.00018522,0.00017536,0.00016346,0.00015,0.00013551,0.00012053,0.00010554,9.0978e-05,7.7212e-05,6.4513e-05,5.3067e-05,4.2975e-05,3.4263e-05,2.6893e-05,2.0781e-05,1.581e-05,1.1841e-05,8.7309e-06,6.3379e-06,4.5295e-06,3.1869e-06,2.2075e-06
2.9017e-06,4.1891e-06,5.9539e-06,8.3311e-06,1.1477e-05,1.5564e-05,2.0781e-05,2.7317e-05,3.535e-05,4.5037e-05,5.6489e-05,6.9755e-05,8.4801e-05,0.00010149,0.00011959,0.00013872,0.00015843,0.00017813,0.00019717,0.00021486,0.00023051,0.00024347,0.00025317,0.00025917,0.0002612,0.00025917,0.00025317,0.00024347,0.00023051,0.00021486,0.00019717,0.00017813,0.00015843,0.00013872,0.00011959,0.00010149,8.4801e-05,6.9755e-05,5.6489e-05,4.5037e-05,3.535e-05,2.7317e-05,2.0781e-05,1.5564e-05,1.1477e-05,8.3311e-06,5.9539e-06,4.1891e-06,2.9017e-06
3.7551e-06,5.4211e-06,7.705e-06,1.0781e-05,1.4852e-05,2.0142e-05,2.6893e-05,3.535e-05,4.5747e-05,5.8283e-05,7.3103e-05,9.027e-05,0.00010974,0.00013134,0.00015476,0.00017952,0.00020502,0.00023051,0.00025515,0.00027805,0.0002983,0.00031507,0.00032762,0.00033539,0.00033802,0.00033539,0.00032762,0.00031507,0.0002983,0.00027805,0.00025515,0.00023051,0.00020502,0.00017952,0.00015476,0.00013134,0.00010974,9.027e-05,7.3103e-05,5.8283e-05,4.5747e-05,3.535e-05,2.6893e-05,2.0142e-05,1.4852e-05,1.0781e-05,7.705e-06,5.4211e-06,3.7551e-06
4.7841e-06,6.9067e-06,9.8164e-06,1.3736e-05,1.8922e-05,2.5661e-05,3.4263e-05,4.5037e-05,5.8283e-05,7.4254e-05,9.3135e-05,0.00011501,0.00013981,0.00016733,0.00019717,0.00022872,0.0002612,0.00029368,0.00032507,0.00035425,0.00038005,0.00040141,0.0004174,0.0004273,0.00043065,0.0004273,0.0004174,0.00040141,0.00038005,0.00035425,0.00032507,0.00029368,0.0002612,0.00022872,0.00019717,0.00016733,0.00013981,0.00011501,9.3135e-05,7.4254e-05,5.8283e-05,4.5037e-05,3.4263e-05,2.5661e-05,1.8922e-05,1.3736e-05,9.8164e-06,6.9067e-06,4.7841e-06
6.0006e-06,8.6629e-06,1.2313e-05,1.7228e-05,2.3733e-05,3.2187e-05,4.2975e-05,5.6489e-05,7.3103e-05,9.3135e-05,0.00011682,0.00014425,0.00017536,0.00020988,0.0002473,0.00028688,0.00032762,0.00036836,0.00040773,0.00044432,0.00047669,0.00050348,0.00052354,0.00053596,0.00054016,0.00053596,0.00052354,0.00050348,0.00047669,0.00044432,0.00040773,0.00036836,0.00032762,0.00028688,0.0002473,0.00020988,0.00017536,0.00014425,0.00011682,9.3135e-05,7.3103e-05,5.6489e-05,4.2975e-05,3.2187e-05,2.3733e-05,1.7228e-05,1.2313e-05,8.6629e-06,6.0006e-06
7.4098e-06,1.0697e-05,1.5204e-05,2.1274e-05,2.9306e-05,3.9745e-05,5.3067e-05,6.9755e-05,9.027e-05,0.00011501,0.00014425,0.00017813,0.00021655,0.00025917,0.00030538,0.00035425,0.00040456,0.00045486,0.00050348,0.00054867,0.00058863,0.00062172,0.00064649,0.00066182,0.00066701,0.00066182,0.00064649,0.00062172,0.00058863,0.00054867,0.00050348,0.00045486,0.00040456,0.00035425,0.00030538,0.00025917,0.00021655,0.00017813,0.00014425,0.00011501,9.027e-05,6.9755e-05,5.3067e-05,3.9745e-05,2.9306e-05,2.1274e-05,1.5204e-05,1.0697e-05,7.4098e-06
9.008e-06,1.3005e-05,1.8483e-05,2.5863e-05,3.5627e-05,4.8318e-05,6.4513e-05,8.4801e-05,0.00010974,0.00013981,0.00017536,0.00021655,0.00026325,0.00031507,0.00037125,0.00043065,0.00049182,0.00055297,0.00061208,0.00066701,0.0007156,0.00075582,0.00078593,0.00080457,0.00081088,0.00080457,0.00078593,0.00075582,0.0007156,0.00066701,0.00061208,0.00055297,0.00049182,0.00043065,0.00037125,0.00031507,0.00026325,0.00021655,0.00017536,0.00013981,0.00010974,8.4801e-05,6.4513e-05,4.8318e-05,3.5627e-05,2.5863e-05,1.8483e-05,1.3005e-05,9.008e-06
1.0781e-05,1.5564e-05,2.2122e-05,3.0954e-05,4.264e-05,5.7829e-05,7.7212e-05,0.00010149,0.00013134,0.00016733,0.00020988,0.00025917,0.00031507,0.00037709,0.00044432,0.00051542,0.00058863,0.00066182,0.00073257,0.00079831,0.00085646,0.0009046,0.00094063,0.00096294,0.00097049,0.00096294,0.00094063,0.0009046,0.00085646,0.00079831,0.00073257,0.00066182,0.00058863,0.00051542,0.00044432,0.00037709,0.00031507,0.00025917,0.00020988,0.00016733,0.00013134,0.00010149,7.7212e-05,5.7829e-05,4.264e-05,3.0954e-05,2.2122e-05,1.5564e-05,1.0781e-05
1.2703e-05,1.8339e-05,2.6066e-05,3.6472e-05,5.0243e-05,6.8139e-05,9.0978e-05,0.00011959,0.00015476,0.00019717,0.0002473,0.00030538,0.00037125,0.00044432,0.00052354,0.00060732,0.00069358,0.00077981,0.00086317,0.00094063,0.0010092,0.0010659,0.0011083,0.0011346,0.0011435,0.0011346,0.0011083,0.0010659,0.0010092,0.00094063,0.00086317,0.00077981,0.00069358,0.00060732,0.00052354,0.00044432,0.00037125,0.00030538,0.0002473,0.00019717,0.00015476,0.00011959,9.0978e-05,6.8139e-05,5.0243e-05,3.6472e-05,2.6066e-05,1.8339e-05,1.2703e-05
1.4736e-05,2.1274e-05,3.0237e-05,4.2309e-05,5.8283e-05,7.9043e-05,0.00010554,0.00013872,0.00017952,0.00022872,0.00028688,0.00035425,0.00043065,0.00051542,0.00060732,0.0007045,0.00080457,0.0009046,0.0010013,0.0010912,0.0011706,0.0012364,0.0012857,0.0013162,0.0013265,0.0013162,0.0012857,0.0012364,0.0011706,0.0010912,0.0010013,0.0009046,0.00080457,0.0007045,0.00060732,0.00051542,0.00043065,0.00035425,0.00028688,0.00022872,0.00017952,0.00013872,0.00010554,7.9043e-05,5.8283e-05,4.2309e-05,3.0237e-05,2.1274e-05,1.4736e-05
1.6829e-05,2.4296e-05,3.4531e-05,4.8318e-05,6.6561e-05,9.027e-05,0.00012053,0.00015843,0.00020502,0.0002612,0.00032762,0.00040456,0.00049182,0.00058863,0.00069358,0.00080457,0.00091884,0.0010331,0.0011435,0.0012461,0.0013369,0.0014121,0.0014683,0.0015031,0.0015149,0.0015031,0.0014683,0.0014121,0.0013369,0.0012461,0.0011435,0.0010331,0.00091884,0.00080457,0.00069358,0.00058863,0.00049182,0.00040456,0.00032762,0.0002612,0.00020502,0.00015843,0.00012053,9.027e-05,6.6561e-05,4.8318e-05,3.4531e-05,2.4296e-05,1.6829e-05
1.8922e-05,2.7317e-05,3.8825e-05,5.4325e-05,7.4836e-05,0.00010149,0.00013551,0.00017813,0.00023051,0.00029368,0.00036836,0.00045486,0.00055297,0.00066182,0.00077981,0.0009046,0.0010331,0.0011615,0.0012857,0.0014011,0.0015031,0.0015876,0.0016509,0.00169,0.0017033,0.00169,0.0016509,0.0015876,0.0015031,0.0014011,0.0012857,0.0011615,0.0010331,0.0009046,0.00077981,0.00066182,0.00055297,0.00045486,0.00036836,0.00029368,0.00023051,0.00017813,0.00013551,0.00010149,7.4836e-05,5.4325e-05,3.8825e-05,2.7317e-05,1.8922e-05
2.0944e-05,3.0237e-05,4.2975e-05,6.0133e-05,8.2836e-05,0.00011234,0.00015,0.00019717,0.00025515,0.00032507,0.00040773,0.00050348,0.00061208,0.00073257,0.00086317,0.0010013,0.0011435,0.0012857,0.0014231,0.0015508,0.0016638,0.0017573,0.0018273,0.0018707,0.0018853,0.0018707,0.0018273,0.0017573,0.0016638,0.0015508,0.0014231,0.0012857,0.0011435,0.0010013,0.00086317,0.00073257,0.00061208,0.00050348,0.00040773,0.00032507,0.00025515,0.00019717,0.00015,0.00011234,8.2836e-05,6.0133e-05,4.2975e-05,3.0237e-05,2.0944e-05
2.2824e-05,3.295e-05,4.6831e-05,6.5529e-05,9.027e-05,0.00012242,0.00016346,0.00021486,0.00027805,0.00035425,0.00044432,0.00054867,0.00066701,0.00079831,0.00094063,0.0010912,0.0012461,0.0014011,0.0015508,0.00169,0.0018131,0.001915,0.0019913,0.0020385,0.0020545,0.0020385,0.0019913,0.001915,0.0018131,0.00169,0.0015508,0.0014011,0.0012461,0.0010912,0.00094063,0.00079831,0.00066701,0.00054867,0.00044432,0.00035425,0.00027805,0.00021486,0.00016346,0.00012242,9.027e-05,6.5529e-05,4.6831e-05,3.295e-05,2.2824e-05
2.4486e-05,3.535e-05,5.0243e-05,7.0302e-05,9.6845e-05,0.00013134,0.00017536,0.00023051,0.0002983,0.00038005,0.00047669,0.00058863,0.0007156,0.00085646,0.0010092,0.0011706,0.0013369,0.0015031,0.0016638,0.0018131,0.0019452,0.0020545,0.0021364,0.002187,0.0022042,0.002187,0.0021364,0.0020545,0.0019452,0.0018131,0.0016638,0.0015031,0.0013369,0.0011706,0.0010092,0.00085646,0.0007156,0.00058863,0.00047669,0.00038005,0.0002983,0.00023051,0.00017536,0.00013134,9.6845e-05,7.0302e-05,5.0243e-05,3.535e-05,2.4486e-05
2.5863e-05,3.7337e-05,5.3067e-05,7.4254e-05,0.00010229,0.00013872,0.00018522,0.00024347,0.00031507,0.00040141,0.00050348,0.00062172,0.00075582,0.0009046,0.0010659,0.0012364,0.0014121,0.0015876,0.0017573,0.001915,0.0020545,0.00217,0.0022565,0.00231,0.0023281,0.00231,0.0022565,0.00217,0.0020545,0.001915,0.0017573,0.0015876,0.0014121,0.0012364,0.0010659,0.0009046,0.00075582,0.00062172,0.00050348,0.00040141,0.00031507,0.00024347,0.00018522,0.00013872,0.00010229,7.4254e-05,5.3067e-05,3.7337e-05,2.5863e-05
2.6893e-05,3.8825e-05,5.5181e-05,7.7212e-05,0.00010636,0.00014425,0.0001926,0.00025317,0.00032762,0.0004174,0.00052354,0.00064649,0.00078593,0.00094063,0.0011083,0.0012857,0.0014683,0.0016509,0.0018273,0.0019913,0.0021364,0.0022565,0.0023463,0.002402,0.0024208,0.002402,0.0023463,0.0022565,0.0021364,0.0019913,0.0018273,0.0016509,0.0014683,0.0012857,0.0011083,0.00094063,0.00078593,0.00064649,0.00052354,0.0004174,0.00032762,0.00025317,0.0001926,0.00014425,0.00010636,7.7212e-05,5.5181e-05,3.8825e-05,2.6893e-05
2.7531e-05,3.9745e-05,5.6489e-05,7.9043e-05,0.00010889,0.00014767,0.00019717,0.00025917,0.00033539,0.0004273,0.00053596,0.00066182,0.00080457,0.00096294,0.0011346,0.0013162,0.0015031,0.00169,0.0018707,0.0020385,0.002187,0.00231,0.002402,0.002459,0.0024782,0.002459,0.002402,0.00231,0.002187,0.0020385,0.0018707,0.00169,0.0015031,0.0013162,0.0011346,0.00096294,0.00080457,0.00066182,0.00053596,0.0004273,0.00033539,0.00025917,0.00019717,0.00014767,0.00010889,7.9043e-05,5.6489e-05,3.9745e-05,2.7531e-05
2.7747e-05,4.0057e-05,5.6932e-05,7.9663e-05,0.00010974,0.00014883,0.00019871,0.0002612,0.00033802,0.00043065,0.00054016,0.00066701,0.00081088,0.00097049,0.0011435,0.0013265,0.0015149,0.0017033,0.0018853,0.0020545,0.0022042,0.0023281,0.0024208,0.0024782,0.0024977,0.0024782,0.0024208,0.0023281,0.0022042,0.0020545,0.0018853,0.0017033,0.0015149,0.0013265,0.0011435,0.00097049,0.00081088,0.00066701,0.00054016,0.00043065,0.00033802,0.0002612,0.00019871,0.00014883,0.00010974,7.9663e-05,5.6932e-05,4.0057e-05,2.7747e-05
2.7531e-05,3.9745e-05,5.6489e-05,7.9043e-05,0.00010889,0.00014767,0.00019717,0.00025917,0.00033539,0.0004273,0.00053596,0.00066182,0.00080457,0.00096294,0.0011346,0.0013162,0.0015031,0.00169,0.0018707,0.0020385,0.002187,0.00231,0.002402,0.002459,0.0024782,0.002459,0.002402,0.00231,0.002187,0.0020385,0.0018707,0.00169,0.0015031,0.0013162,0.0011346,0.00096294,0.00080457,0.00066182,0.00053596,0.0004273,0.00033539,0.00025917,0.00019717,0.00014767,0.00010889,7.9043e-05,5.6489e-05,3.9745e-05,2.7531e-05
2.6893e-05,3.8825e-05,5.5181e-05,7.7212e-05,0.00010636,0.00014425,0.0001926,0.00025317,0.00032762,0.0004174,0.00052354,0.00064649,0.00078593,0.00094063,0.0011083,0.0012857,0.0014683,0.0016509,0.0018273,0.0019913,0.0021364,0.0022565,0.0023463,0.002402,0.0024208,0.002402,0.0023463,0.0022565,0.0021364,0.0019913,0.0018273,0.0016509,0.0014683,0.0012857,0.0011083,0.00094063,0.00078593,0.00064649,0.00052354,0.0004174,0.00032762,0.00025317,0.0001926,0.00014425,0.00010636,7.7212e-05,5.5181e-05,3.8825e-05,2.6893e-05
2.5863e-05,3.7337e-05,5.3067e-05,7.4254e-05,0.00010229,0.00013872,0.00018522,0.00024347,0.00031507,0.00040141,0.00050348,0.00062172,0.00075582,0.0009046,0.0010659,0.0012364,0.0014121,0.0015876,0.0017573,0.001915,0.0020545,0.00217,0.0022565,0.00231,0.0023281,0.00231,0.0022565,0.00217,0.0020545,0.001915,0.0017573,0.0015876,0.0014121,0.0012364,0.0010659,0.0009046,0.00075582,0.00062172,0.00050348,0.00040141,0.00031507,0.00024347,0.00018522,0.00013872,0.00010229,7.4254e-05,5.3067e-05,3.7337e-05,2.5863e-05
2.4486e-05,3.535e-05,5.0243e-05,7.0302e-05,9.6845e-05,0.00013134,0.00017536,0.00023051,0.0002983,0.00038005,0.00047669,0.00058863,0.0007156,0.00085646,0.0010092,0.0011706,0.0013369,0.0015031,0.0016638,0.0018131,0.0019452,0.0020545,0.0021364,0.002187,0.0022042,0.002187,0.0021364,0.0020545,0.0019452,0.0018131,0.0016638,0.0015031,0.0013369,0.0011706,0.0010092,0.00085646,0.0007156,0.00058863,0.00047669,0.00038005,0.0002983,0.00023051,0.00017536,0.00013134,9.6845e-05,7.0302e-05,5.0243e-05,3.535e-05,2.4486e-05
